1 714006 714150
1 1167411 1167629
1 1260071 1260136
1 1334708 1334902
1 1369953 1370241
1 1590473 1590786
1 1655766 1655951
1 2323146 2323267
1 3773778 3773845
1 3816857 3816936
1 6296032 6296300
1 6484730 6484848
1 8086368 8086798
1 10003465 10003486
1 11751707 11751786
1 15478960 15479028
1 15735929 15736391
1 15853029 15853308
1 16678949 16679070
1 19536770 19536995
1 19638640 19638820
1 19923326 19923477
1 24104777 24104895
1 24285549 24285599
1 24882515 24882602
1 26185903 26186104
1 27560843 27561007
1 28969597 28969740
1 31769662 31769842
1 33116504 33116743
1 33546597 33546705
1 37940012 37940153
1 38157914 38158090
1 39325495 39325672
1 40157361 40157854
1 40974333 40974413
1 41707826 41708045
1 43232755 43232940
1 43312093 43312280
1 43424530 43424720
1 43824329 43824626
1 43855479 43855553
1 44412223 44412611
1 45140227 45140364
1 46769280 46769303
1 47139539 47139708
1 51425935 51426417
1 52870131 52870236
1 53392884 53392901
1 53686289 53686335
1 53793742 53793905
1 54411602 54411750
1 54519177 54519260
1 56410636 56410760
1 57110974 57110995
1 63153969 63154153
1 67390570 67390578
1 70671303 70671365
1 70820417 70820488
1 71546980 71547007
1 74663871 74663947
1 76189696 76190036
1 78444794 78445226
1 87380107 87380331
1 90098453 90098699
1 91317207 91317316
1 95285837 95285898
1 95392834 95393122
1 95699538 95699711
1 100598511 100598706
1 100731676 100731763
1 101361554 101361632
1 104068105 104068313
1 113258099 113258294
1 113615727 113615831
1 118148392 118148556
1 118472253 118472343
1 143913143 143913615
1 145470388 145470508
1 145516076 145516252
1 145611025 145611036
1 145827103 145827205
1 147634886 147634989
1 150980851 150980896
1 151042801 151043054
1 151966866 151967007
1 154474589 154474695
1 154946871 154947129
1 155006257 155006300
1 155829191 155829300
1 156252620 156252726
1 161129139 161129240
1 161337664 161337812
1 169337205 169337208
1 176176629 176176784
1 183440881 183441351
1 183604892 183605220
1 185126204 185126212
1 186344825 186344890
1 200992828 200993077
1 202830748 202830882
1 203274437 203274619
1 204346793 204346978
1 206223548 206223976
1 211848960 211849104
1 212208884 212208919
1 212965124 212965170
1 213031430 213031597
1 217804424 217804666
1 229406775 229406822
1 229644103 229644248
1 229761794 229761981
1 231114621 231114727
1 231376933 231376953
1 231664302 231664399
1 246729626 246729746
1 249153343 249153363
2 9563676 9563697
2 11272947 11273179
2 20189892 20189978
2 20251789 20251895
2 24149984 24150155
2 24272445 24272571
2 24299313 24299396
2 24397874 24397938
2 27593353 27593389
2 31456724 31456880
2 37311485 37311594
2 38978636 38978676
2 39103075 39103103
2 42721237 42721709
2 44066004 44066103
2 44589001 44589089
2 47572213 47572297
2 51259674 51259739
2 61108449 61108656
2 61372104 61372243
2 61697904 61698323
2 64680932 64681103
2 68384692 68384976
2 68694390 68694693
2 71357369 71357444
2 73460366 73460548
2 74375121 74375136
2 74648718 74648805
2 85645555 85645844
2 85788670 85788685
2 86333278 86333305
2 95831158 95831177
2 96931732 96931870
2 98280570 98280680
2 99224978 99225042
2 103353347 103353367
2 108443347 108443388
2 109150652 109150857
2 110371783 110371911
2 113403267 113403434
2 114384667 114384806
2 120124404 120124497
2 122407163 122407226
2 122494499 122494679
2 124782750 124782864
2 130886795 130887194
2 132250316 132250386
2 136288806 136289025
2 139259268 139259371
2 159313265 159313476
2 160568946 160569000
2 163175213 163175350
2 166651192 166651361
2 170550943 170550998
2 171627276 171627623
2 172967628 172967734
2 175260443 175260458
2 182756390 182756560
2 190649097 190649107
2 191399448 191399581
2 200775882 200775979
2 201754026 201754050
2 203879521 203879602
2 209130798 209130991
2 211036107 211036242
2 211342376 211342406
2 214148929 214149113
2 219134980 219135115
2 219433084 219433303
2 220094439 220094479
2 227664475 227664862
2 228028829 228029281
2 231860747 231860836
2 239140318 239140325
2 241526116 241526133
3 3168297 3168600
3 4534847 4535032
3 5229014 5229331
3 9834695 9834766
3 10068049 10068098
3 14166370 14166440
3 15247466 15247659
3 16306479 16306706
3 19988517 19988571
3 23244069 23244511
3 26664181 26664297
3 28390618 28390637
3 37034795 37034823
3 37903271 37903451
3 42846023 42846244
3 44803154 44803209
3 46448550 46448654
3 48488060 48488114
3 49591799 49591922
3 50378411 50378537
3 51975957 51976361
3 52444366 52444673
3 53880417 53880607
3 57678816 57678932
3 67705038 67705121
3 75484261 75484499
3 106959488 106959539
3 108308491 108308529
3 119187677 119187785
3 119813264 119813742
3 120068186 120068357
3 121553926 121554030
3 122134882 122135054
3 123304032 123304389
3 129158878 129158968
3 129612419 129612714
3 131100319 131100515
3 133380737 133380842
3 136471220 136471472
3 136580896 136581050
3 138665982 138666076
3 139108574 139108657
3 152879564 152880029
3 158288855 158288952
3 159943086 159943423
3 167452727 167453031
3 178865761 178865902
3 179322442 179322478
3 180319723 180319918
3 182511182 182511288
3 183967336 183967438
3 184079439 184079506
3 190040264 190040330
3 193310900 193310933
3 195384798 195384967
3 195938308 195938358
3 196045170 196045201
3 197185194 197185276
3 197687013 197687071
4 492945 492989
4 926161 926175
4 980683 980785
4 1107350 1107427
4 1723085 1723227
4 2043630 2043689
4 2420390 2420701
4 2936586 2936626
4 2965112 2965335
4 3076241 3076408
4 4291896 4291924
4 9171996 9172135
4 10686489 10686627
4 17616194 17616254
4 17812381 17812525
4 21950422 21950638
4 25162204 25162263
4 39460568 39460620
4 39640710 39640760
4 53525502 53525573
4 55711568 55711734
4 56262014 56262124
4 57301781 57301907
4 59849870 59850000
4 68566897 68566998
4 74124515 74124926
4 76649709 76649777
4 77135046 77135193
4 79697127 79697496
4 83351294 83351715
4 84377009 84377085
4 87515284 87515468
4 89205921 89206094
4 93225329 93225550
4 95128707 95128762
4 95678684 95679119
4 99579780 99580055
4 100009952 100010008
4 103790053 103790135
4 106473512 106473777
4 109541616 109541722
4 110223813 110224191
4 113152752 113152893
4 122791652 122791738
4 123844123 123844229
4 130692636 130692814
4 134070271 134070470
4 144106014 144106070
4 148538396 148538534
4 153457253 153457416
4 153700916 153701089
4 170533780 170533784
4 175750465 175750819
4 177796611 177796856
4 184020352 184020446
4 184580378 184580420
4 185395734 185395956
4 185570663 185570767
4 186317053 186317175
4 186347139 186347394
5 218330 218356
5 473213 473351
5 612325 612387
5 1594735 1594741
5 1801480 1801514
5 1887350 1887446
5 4866334 4866634
5 5034380 5034472
5 5140167 5140443
5 6633404 6633456
5 7373187 7373230
5 9546187 9546312
5 10250009 10250033
5 12574749 12574969
5 14664713 14664773
5 16617167 16617334
5 21341484 21341942
5 25190765 25190791
5 31532303 31532373
5 33440725 33440802
5 36152063 36152091
5 38845931 38845960
5 43483995 43484061
5 43515247 43515376
5 44808879 44809027
5 54529508 54529762
5 54603550 54603588
5 55290821 55290995
5 60240900 60240956
5 61699766 61699799
5 64064512 64064757
5 64858998 64859063
5 77656331 77656339
5 78531861 78532012
5 79287082 79287134
5 80597379 80597409
5 94890711 94890778
5 96518964 96519303
5 99870966 99871009
5 126112178 126112315
5 133706738 133706870
5 141016437 141016517
5 143550278 143550396
5 146614422 146614526
5 147763346 147763498
5 148442726 148442880
5 148737205 148737570
5 153825410 153825517
5 156569880 156569944
5 157098488 157098561
5 159848718 159848829
5 162864332 162864575
5 162887146 162887209
5 176057530 176057683
5 176449634 176449697
5 176730745 176730775
5 180688119 180688213
6 711405 711533
6 2245926 2245982
6 4021449 4021501
6 4135831 4136306
6 5261172 5261277
6 10747896 10748027
6 18155305 18155560
6 24667261 24667263
6 26124154 26124373
6 26924333 26924771
6 27100541 27100832
6 29424848 29424958
6 31126015 31126319
6 31707540 31707797
6 31865464 31865562
6 32145873 32146131
6 35704724 35704809
6 37786994 37787275
6 41888877 41888926
6 42018095 42018251
6 43543812 43543887
6 43596899 43597277
6 46097443 46097730
6 46459709 46459789
6 46620523 46620678
6 49430904 49431091
6 52441713 52442105
6 53659072 53659295
6 56819426 56819773
6 69344919 69345259
6 73972919 73972938
6 75994684 75994730
6 88299721 88299839
6 96025326 96025419
6 97731093 97731179
6 107077373 107077453
6 108487058 108487262
6 109416022 109416313
6 110012420 110012499
6 110501207 110501344
6 111580237 111580551
6 112408732 112408802
6 116575261 116575370
6 116601066 116601362
6 117774688 117774980
6 122792967 122793076
6 127840500 127840600
6 130686570 130686879
6 131949369 131949582
6 143771810 143771944
6 146135889 146136048
6 146920067 146920101
6 151773259 151773422
6 153304714 153304885
6 158589312 158589384
6 160210781 160210844
6 167412553 167412893
6 168227389 168227602
6 170102159 170102233
6 170151655 170151718
6 170599561 170599791
7 149466 149597
7 559933 560028
7 1499138 1499573
7 2281840 2281857
7 6048756 6048876
7 16685442 16685756
7 20257027 20257200
7 23145322 23145353
7 29603286 29603427
7 32534895 32535038
7 35840226 35840542
7 39605838 39605975
7 39989354 39989636
7 40174258 40174575
7 43966010 43966037
7 55640681 55640864
7 56119297 56119323
7 62814704 62814835
7 62854035 62854166
7 63361113 63361201
7 72742085 72742167
7 74306731 74306894
7 74988262 74988448
7 75677322 75677369
7 76751433 76751751
7 77045717 77045990
7 77325582 77325760
7 77427897 77428122
7 86974831 86974997
7 91875480 91875548
7 92157845 92158087
7 94285521 94285637
7 95225803 95225994
7 97881563 97881691
7 99156159 99156291
7 99774995 99775186
7 102105323 102105376
7 102715286 102715328
7 105517050 105517242
7 111846466 111846643
7 123389121 123389122
7 127292066 127292234
7 129251471 129251555
7 129592789 129593074
7 129847610 129847700
7 132333447 132333553
7 137686813 137687070
7 139876835 139877061
7 143991256 143991573
7 148823438 148823508
7 154794794 154795158
7 156803345 156803499
8 6565730 6565878
8 8418475 8418901
8 9009084 9009252
8 9911764 9911778
8 12036084 12036206
8 17658426 17658854
8 22132675 22132810
8 26371608 26371791
8 27168836 27168999
8 28747759 28747911
8 29605625 29605825
8 30891231 30891317
8 38854343 38854388
8 42128715 42128820
8 48872743 48872745
8 52811735 52811885
8 57123883 57124245
8 61429354 61429416
8 67579452 67579850
8 71520622 71520812
8 71581409 71581600
8 74884522 74884672
8 80680098 80680377
8 86089297 86089460
8 86132650 86132816
8 90769955 90769975
8 92082417 92082424
8 94753245 94753421
8 95565757 95565950
8 97273838 97273943
8 99129469 99129525
8 100025272 100025494
8 103251346 103251622
8 124428590 124428965
8 125486817 125486979
8 143484601 143485013
8 143808391 143808621
8 144815971 144816310
8 145515082 145515280
8 145691060 145691426
8 145743229 145743376
9 4679502 4679559
9 6645650 6645956
9 10612723 10613202
9 24545944 24545950
9 33025166 33025209
9 33264761 33264940
9 33402643 33402855
9 34329198 34329504
9 34637806 34638130
9 67032072 67032331
9 69650004 69650263
9 71155783 71155952
9 72873782 72873937
9 77567802 77567884
9 77703133 77703459
9 84304220 84304628
9 86595569 86595626
9 96717654 96717879
9 101984238 101984346
9 102668883 102668915
9 102861322 102861538
9 104160896 104161155
9 104295819 104296133
9 108320310 108320411
9 111696396 111696461
9 114393569 114393666
9 115983641 115983808
9 123555690 123555829
9 124922098 124922190
9 127624260 127624409
9 128003609 128003942
9 130213684 130213765
9 131314689 131314866
9 131486406 131486724
9 131709898 131709978
9 136214986 136215069
9 136242970 136243117
9 139305061 139305110
9 139440314 139440664
9 140317714 140317802
9 140513358 140513444
10 1034281 1034338
10 1095110 1095478
10 6622263 6622381
10 7829990 7830092
10 8095447 8095567
10 17685877 17686124
10 18948214 18948334
10 25305089 25305587
10 38265561 38265753
10 45642669 45642842
10 50507063 50507187
10 51371338 51371390
10 51623365 51623417
10 51827563 51827648
10 54073888 54074056
10 75490272 75490320
10 75910821 75910960
10 88281572 88281702
10 88516055 88516407
10 89102369 89102493
10 91174314 91174343
10 93558048 93558069
10 94050844 94050920
10 95868571 95868873
10 99185831 99185917
10 99205774 99205927
10 99258551 99258625
10 99609555 99609996
10 101989376 101989424
10 102790890 102790991
10 103578696 103578835
10 104474164 104474295
10 105156223 105156405
10 112679032 112679301
10 114206672 114206756
10 115614142 115614420
10 121652068 121652223
10 124639157 124639246
10 124768333 124768495
10 127371713 127371798
10 127511817 127512115
10 127585005 127585108
10 134145351 134145614
10 134778793 134779038
11 207428 207511
11 537287 537527
11 777488 777578
11 842545 842808
11 5959849 5959981
11 6255941 6255995
11 6502666 6502715
11 6624850 6624961
11 7041599 7041677
11 8190602 8190714
11 8932498 8932686
11 9025596 9025709
11 10562777 10562819
11 10830657 10830844
11 14665181 14665269
11 17229530 17229700
11 18343745 18343842
11 18621230 18621334
11 22513565 22513658
11 27528320 27528385
11 31391357 31391387
11 31531192 31531297
11 36531822 36532259
11 38667906 38668026
11 41735998 41736118
11 43902276 43902361
11 43942494 43942609
11 46722165 46722368
11 46867847 46867963
11 57479693 57480077
11 59383617 59383902
11 59436453 59436785
11 60674060 60674261
11 61197503 61197514
11 61560274 61560452
11 62432650 62432781
11 62623386 62623518
11 64001824 64002010
11 64684722 64685025
11 64851636 64851695
11 65382853 65383244
11 65686588 65686728
11 66115163 66115421
11 66234209 66234216
11 66313709 66313866
11 67374177 67374323
11 67797928 67798084
11 68671303 68671310
11 71163914 71164155
11 71639700 71639747
11 74204778 74204896
11 74660245 74660292
11 76092015 76092357
11 76155700 76155967
11 76367756 76368100
11 77532063 77532155
11 77850706 77850817
11 82782965 82783108
11 85565986 85566144
11 86666433 86666661
11 87831315 87831759
11 94706776 94706845
11 96123087 96123153
11 107799019 107799229
11 113185159 113185251
11 114271139 114271404
11 117103241 117103341
11 118868714 118868852
11 119252436 119252488
11 119599794 119600293
11 125034505 125034583
11 125773116 125773271
11 125808811 125809107
11 126810555 126810642
11 130184581 130184888
11 134123264 134123389
12 2113701 2113832
12 2986206 2986389
12 4647674 4647950
12 4758213 4758261
12 4829268 4829507
12 6560733 6560856
12 6772314 6772426
12 6961230 6961292
12 8380214 8380330
12 9102551 9102640
12 9217666 9217773
12 10183205 10183276
12 13153207 13153385
12 14518437 14518610
12 14956474 14956506
12 16035263 16035325
12 21654603 21654715
12 22777949 22778009
12 25348096 25348150
12 27091259 27091316
12 27863703 27863706
12 29301608 29302036
12 30907885 30908008
12 42632151 42632249
12 43040300 43040385
12 44152620 44152747
12 48099844 48099868
12 48405010 48405087
12 49961936 49962001
12 50305646 50305736
12 52604639 52604714
12 54379303 54379629
12 54475687 54475902
12 54519776 54519882
12 54673886 54673977
12 54694905 54694986
12 56211540 56211703
12 56435590 56435637
12 56615717 56615799
12 57914300 57914493
12 58166576 58166811
12 59314303 59314420
12 64616076 64616117
12 65153227 65153301
12 70132348 70132461
12 75784708 75784850
12 85430055 85430092
12 88535993 88536073
12 93771512 93771659
12 95611258 95611522
12 96252617 96252706
12 96336752 96337071
12 96390143 96390299
12 99038891 99038919
12 100660857 100660918
12 102513902 102513956
12 104234975 104235229
12 104359486 104359582
12 104457961 104458235
12 105500957 105501102
12 110318293 110318481
12 111806925 111807086
12 112123790 112123857
12 112450970 112451120
12 113623284 113623331
12 117175875 117176096
12 117537284 117537286
12 120639038 120639094
12 120806983 120807243
12 120884215 120884241
12 120907596 120907653
12 121837699 121837844
12 122241812 122242086
12 123011547 123011793
12 124118313 124118375
12 124457378 124457788
12 126467920 126468248
12 127174868 127175025
12 128602677 128602762
12 130646801 130647004
12 132628880 132628993
12 133613808 133613878
13 19755992 19756173
13 21750741 21750784
13 27746033 27746396
13 28194541 28194903
13 31191734 31191830
13 32889481 32889611
13 39612252 39612443
13 45563618 45563687
13 46626894 46626941
13 46786006 46786083
13 48877797 48877887
13 52378293 52378433
13 52908412 52908430
13 73301825 73302061
13 74993252 74993310
13 76123575 76123909
13 96329179 96329393
13 99852964 99853028
13 103451357 103451399
13 108870716 108870727
13 114145267 114145310
13 114567046 114567141
13 114586624 114586640
14 19742744 19742775
14 20923264 20923350
14 21467322 21467414
14 23299029 23299088
14 23388393 23388665
14 23398794 23398818
14 23451851 23451907
14 24769039 24769068
14 24780636 24780656
14 29299410 29299450
14 35591723 35591755
14 44976482 44976610
14 45366280 45366498
14 50065408 50065415
14 53620000 53620072
14 55493823 55493948
14 56777479 56777598
14 58764857 58765103
14 59951148 59951161
14 60558501 60558629
14 62583893 62584197
14 69446157 69446399
14 71108015 71108504
14 74551196 74551499
14 74769759 74769772
14 75179818 75179847
14 75761016 75761107
14 77292589 77292715
14 78174363 78174414
14 85996332 85996488
14 90421121 90421283
14 90921461 90921574
14 91884188 91884610
14 92588261 92588281
14 93651273 93651318
14 93799438 93799565
14 94547591 94547628
14 99947216 99947506
14 102829253 102829300
14 103589344 103589779
14 103995409 103995521
14 104029168 104029299
14 104181841 104182067
14 104313927 104314058
14 104394606 104394799
14 105886076 105886159
15 26110317 26110442
15 33602860 33603163
15 34394149 34394274
15 35047166 35047285
15 35838394 35838396
15 40213093 40213243
15 40331389 40331512
15 41522941 41523037
15 41624819 41624892
15 42120134 42120293
15 42264776 42264961
15 42500514 42500611
15 42783321 42783431
15 42841000 42841008
15 43622803 43622872
15 43802926 43803156
15 44719342 44719432
15 44829121 44829255
15 45003514 45003675
15 45694525 45694529
15 48938046 48938148
15 49913128 49913177
15 55700708 55700746
15 57210769 57210821
15 59063173 59063391
15 59157262 59157374
15 60771359 60771377
15 64386217 64386322
15 64679886 64679947
15 65369028 65369154
15 65903627 65903704
15 66679084 66679155
15 69591097 69591286
15 72978490 72978527
15 74165707 74165949
15 74286963 74287014
15 74753523 74753606
15 76352136 76352178
15 77712486 77712754
15 78370066 78370150
15 81616524 81616718
15 82555104 82555151
15 83209315 83209620
15 83654661 83654959
15 84748849 84748920
15 89010650 89010684
15 90234014 90234028
15 90645736 90645881
15 91260372 91260558
15 91565833 91565849
15 97326542 97326619
15 99791428 99791567
15 100347132 100347228
15 101835487 101835624
16 1031596 1031808
16 1401912 1401924
16 1662111 1662326
16 2034193 2034208
16 2059824 2059927
16 2509980 2510081
16 3451065 3451235
16 3493542 3493611
16 3661599 3661729
16 4475706 4475806
16 11945442 11945506
16 12070500 12070594
16 14726585 14726672
16 15188174 15188268
16 15248421 15248760
16 15737023 15737124
16 18937776 18938185
16 22103552 22103859
16 23652631 23652713
16 25026987 25027299
16 25122876 25123050
16 27561234 27561454
16 28303385 28303840
16 28857729 28857921
16 30034591 30034655
16 30064299 30064411
16 30597092 30597228
16 31085641 31085743
16 32199434 32199654
16 32752415 32752635
16 33140411 33140637
16 46723430 46723555
16 47007699 47007900
16 47177908 47178234
16 49487989 49488140
16 52119021 52119192
16 53406995 53407405
16 53737850 53737875
16 56225006 56225302
16 56763880 56764017
16 57220028 57220049
16 58163354 58163433
16 58328951 58328984
16 66586447 66586490
16 66968326 66968347
16 67260951 67261006
16 67360666 67360701
16 67515140 67515217
16 67840555 67840668
16 68344849 68344877
16 69760854 69760916
16 70323446 70323566
16 70380650 70380732
16 70557468 70557691
16 72698908 72699069
16 74330660 74330673
16 81069364 81069452
16 82203831 82203901
16 83841439 83841448
16 84178797 84178865
16 88729569 88729706
16 88772829 88772871
16 89006059 89006197
16 89284061 89284118
16 89556969 89557325
16 90038942 90038994
17 3539616 3539762
17 4046314 4046462
17 4643217 4643319
17 4710308 4710391
17 4900905 4901243
17 4981408 4981543
17 5095178 5095379
17 7258263 7258442
17 7387582 7387685
17 8079717 8080130
17 9479908 9479944
17 9725388 9725523
17 13972812 13972813
17 17875736 17876127
17 17942523 17942606
17 18218321 18218624
17 19622292 19622372
17 21792968 21793031
17 26662515 26662628
17 26684545 26684670
17 30677042 30677136
17 31860779 31861129
17 33448541 33448598
17 33569982 33570055
17 34195895 34195971
17 35293960 35294084
17 35766909 35766965
17 35969544 35969787
17 38083854 38083995
17 39968856 39968932
17 40086795 40086888
17 40950722 40950810
17 41132545 41132582
17 41177140 41177258
17 41277500 41277627
17 41322420 41322498
17 42081837 42081914
17 42264085 42264338
17 42977030 42977135
17 44910520 44910567
17 45000400 45000499
17 45726786 45726842
17 45908900 45908993
17 45973178 45973516
17 46125435 46125691
17 48133103 48133332
17 48450575 48450581
17 48585689 48585745
17 49337524 49337889
17 55162385 55162453
17 56160565 56160776
17 57232630 57232860
17 57970304 57970447
17 58042122 58042193
17 58156292 58156670
17 58603580 58603654
17 60885705 60885861
17 66097615 66098049
17 72209481 72209653
17 72772506 72772622
17 73267308 73267450
17 73511664 73512141
17 73893084 73893141
17 74449288 74449433
17 74553765 74553848
17 74722866 74722912
17 76183314 76183398
17 76356158 76356534
17 79008501 79008948
17 79212891 79213039
17 79885590 79885705
17 80674131 80674559
18 268050 268148
18 2571508 2571510
18 2655394 2655737
18 3261848 3261907
18 9334439 9334765
18 9615238 9615262
18 12991172 12991361
18 19284766 19284918
18 19748929 19749404
18 31158151 31158579
18 32870196 32870246
18 33709348 33709407
18 33767411 33767482
18 42259682 42260138
18 43063183 43063310
18 47013622 47013709
18 47340330 47340393
18 51094653 51094817
18 54814229 54814293
18 59854351 59854491
18 70535381 70535623
18 74207146 74207477
18 74534251 74534563
18 77439745 77439801
18 77793949 77794358
19 663277 663482
19 1490751 1491165
19 3606838 3607245
19 4902879 4903092
19 5720583 5720688
19 5978153 5978414
19 6737614 6737936
19 7459925 7459999
19 7694451 7694682
19 7968427 7968728
19 8943004 8943074
19 9609283 9609354
19 9903856 9904297
19 9938492 9938568
19 10946994 10947251
19 11039357 11039409
19 11670051 11670189
19 13261197 13261229
19 13884932 13884982
19 14247768 14247991
19 16435325 16435628
19 16607003 16607122
19 17186435 17186591
19 17445638 17445729
19 17516457 17516531
19 19030206 19030484
19 19626838 19627036
19 19887232 19887411
19 29455850 29456038
19 32516697 32516768
19 33182656 33182867
19 33462897 33463115
19 34850317 34850385
19 34919178 34919257
19 35417716 35417807
19 36103568 36103646
19 36248980 36249044
19 36505141 36505410
19 36545664 36545783
19 37178351 37178514
19 37407193 37407231
19 38307940 38307999
19 38878722 38879061
19 39109522 39109735
19 39833012 39833036
19 39881835 39881943
19 39926588 39926796
19 40971747 40972148
19 42348760 42348806
19 42724292 42724423
19 42746777 42746927
19 44100287 44100769
19 44331358 44331444
19 44405957 44406153
19 44506988 44507100
19 46706340 46706683
19 47987525 47987539
19 48322308 48322703
19 48867494 48867652
19 49258647 49258816
19 49496567 49496705
19 49891338 49891475
19 51774433 51774520
19 52097630 52097814
19 52901019 52901102
19 54606000 54606036
19 54693733 54693789
19 56904914 56905025
19 57049944 57050317
19 57078780 57078880
19 57183151 57183636
19 57352097 57352270
19 57988938 57989017
19 58790174 58790332
19 58951589 58951815
19 59070327 59070496
20 3767337 3767578
20 5107272 5107432
20 5451740 5451853
20 5931182 5931298
20 13765532 13765596
20 18039832 18040137
20 30795594 30795683
20 31804873 31805116
20 32398903 32399110
20 34042568 34042985
20 36661870 36661948
20 41818610 41818862
20 42839431 42839600
20 43595043 43595115
20 44420571 44420576
20 44462384 44462449
20 44486045 44486256
20 47662581 47662849
20 48782639 48782899
20 49575092 49575363
20 54967393 54967427
20 55841685 55841853
20 56884495 56884752
20 57090187 57090435
20 58508710 58508819
20 60718496 60718822
20 61569304 61569471
20 61904046 61904137
20 62711323 62711526
21 23470778 23470936
21 33031813 33031935
21 34100359 34100426
21 34144169 34144411
21 34638565 34638663
21 35747647 35747779
21 37528615 37529080
21 38445470 38445526
21 39493454 39493545
21 40817731 40817781
21 44299678 44299754
21 45079374 45079429
21 45875167 45875369
21 46359828 46359925
21 46707813 46707967
21 47648738 47649131
21 47706211 47706251
21 47743789 47744036
22 17602257 17602476
22 18111584 18111621
22 19466738 19466982
22 20004331 20004537
22 20850170 20850200
22 23487208 23487513
22 25960429 25960816
22 26879803 26879843
22 26908471 26908503
22 27068617 27068730
22 29196585 29196671
22 30115848 30116073
22 30163000 30163358
22 32600718 32601102
22 37099603 37099963
22 38054384 38054734
22 39052634 39052641
22 39077825 39077953
22 41253026 41253081
22 41864729 41865129
22 42017100 42017123
22 44208217 44208336
22 45559662 45559722
22 45809500 45809572
22 48027318 48027423
22 51176567 51176624
X 9754337 9754496
X 11129261 11129421
X 13752754 13752832
X 14891191 14891563
X 23801073 23801290
X 46404892 46404928
X 47863377 47863734
X 48015369 48015795
X 48056199 48056657
X 48216142 48216560
X 48242564 48242863
X 48271344 48271748
X 48367226 48367350
X 51139314 51139363
X 52683950 52684257
X 52736239 52736652
X 52779905 52780318
X 57147980 57148095
X 71351758 71352000
X 72782921 72783036
X 80457441 80457442
X 92928567 92929012
X 100662913 100663283
X 103268259 103268269
X 106449670 106449862
X 107020572 107020963
X 107334848 107334898
X 107682727 107683074
X 130192120 130192216
X 134971244 134971374
X 146993335 146993469
X 147582135 147582139
X 149009870 149009941
X 151307033 151307355
X 151883038 151883082
X 151903184 151903228
X 151922364 151922445
X 151999321 151999511
X 152990152 152990323
X 153523796 153524024
X 154299637 154299695
Y 2870667 2870953
